  
       XFOIL         Version 6.99
  
 Calculated polar for: NACA 0012                                       
  
 1 1 Reynolds number fixed          Mach number fixed         
  
 xtrf =   1.000 (top)        1.000 (bottom)  
 Mach =   0.000     Re =     0.435 e 6     Ncrit =   9.000  9.000
  
   alpha    CL        CD       CDp       CM     Top_Xtr  Bot_Xtr  Top_Itr  Bot_Itr
  ------ -------- --------- --------- -------- -------- -------- -------- --------
   0.000   0.0000   0.00645   0.00128  -0.0000   0.8113   0.8113  13.6153 147.3855
   1.091   0.1125   0.00674   0.00136   0.0039   0.7033   0.8961  20.0783 152.4765
   2.182   0.2318   0.00749   0.00157   0.0060   0.5796   0.9531  27.4880 156.0277
   3.273   0.3870   0.00859   0.00185  -0.0008   0.4336   0.9787  36.2925 157.8723
   4.364   0.5522   0.00989   0.00214  -0.0107   0.2711   0.9950  46.2762 159.3982
   5.455   0.6720   0.01131   0.00255  -0.0117   0.1448   1.0000  54.4398 160.0000
   6.545   0.7619   0.01297   0.00333  -0.0062   0.0830   1.0000  59.0546 160.0000
   7.636   0.8504   0.01478   0.00440  -0.0002   0.0575   1.0000  61.5470 160.0000
   8.727   0.9355   0.01718   0.00591   0.0060   0.0444   1.0000  63.2152 160.0000
   9.818   1.0215   0.01992   0.00774   0.0114   0.0362   1.0000  64.4903 160.0000
  10.909   1.0996   0.02346   0.01016   0.0171   0.0309   1.0000  65.4639 160.0000
  12.000   1.1600   0.02800   0.01330   0.0241   0.0275   1.0000  66.1821 160.0000
