  
       XFOIL         Version 6.99
  
 Calculated polar for: NACA 0012                                       
  
 1 1 Reynolds number fixed          Mach number fixed         
  
 xtrf =   1.000 (top)        1.000 (bottom)  
 Mach =   0.000     Re =     0.957 e 6     Ncrit =   9.000  9.000
  
   alpha    CL        CD       CDp       CM     Top_Xtr  Bot_Xtr  Top_Itr  Bot_Itr
  ------ -------- --------- --------- -------- -------- -------- -------- --------
   0.000   0.0000   0.00542   0.00048  -0.0000   0.6939   0.6939  20.6415 140.3583
   1.091   0.1168   0.00553   0.00054   0.0017   0.5798   0.7994  27.4752 146.6742
   2.182   0.2330   0.00593   0.00070   0.0035   0.4609   0.8855  34.6378 151.8365
   3.273   0.3482   0.00668   0.00098   0.0056   0.3398   0.9446  42.0164 155.4747
   4.364   0.4740   0.00778   0.00137   0.0049   0.2169   0.9783  49.7020 157.8395
   5.455   0.6226   0.00916   0.00194  -0.0015   0.1140   0.9907  56.6162 158.9140
   6.545   0.7739   0.01054   0.00264  -0.0085   0.0614   0.9986  61.1161 159.8284
   7.636   0.8783   0.01177   0.00332  -0.0056   0.0426   1.0000  63.4715 160.0000
   8.727   0.9692   0.01326   0.00421   0.0001   0.0327   1.0000  65.1209 160.0000
   9.818   1.0628   0.01492   0.00527   0.0049   0.0267   1.0000  66.3431 160.0000
  10.909   1.1559   0.01707   0.00668   0.0092   0.0227   1.0000  67.3128 160.0000
  12.000   1.2408   0.01977   0.00848   0.0139   0.0196   1.0000  68.1168 160.0000
