  
       XFOIL         Version 6.99
  
 Calculated polar for: NACA 0012                                       
  
 1 1 Reynolds number fixed          Mach number fixed         
  
 xtrf =   1.000 (top)        1.000 (bottom)  
 Mach =   0.000     Re =     0.870 e 6     Ncrit =   9.000  9.000
  
   alpha    CL        CD       CDp       CM     Top_Xtr  Bot_Xtr  Top_Itr  Bot_Itr
  ------ -------- --------- --------- -------- -------- -------- -------- --------
   0.000  -0.0000   0.00549   0.00053   0.0000   0.7089   0.7089  19.7413 141.2586
   1.091   0.1162   0.00561   0.00059   0.0019   0.5945   0.8128  26.5913 147.4766
   2.182   0.2318   0.00604   0.00077   0.0040   0.4751   0.8954  33.7771 152.4374
   3.273   0.3466   0.00682   0.00103   0.0061   0.3534   0.9523  41.1843 155.9701
   4.364   0.4780   0.00798   0.00144   0.0041   0.2254   0.9810  49.1591 158.0594
   5.455   0.6301   0.00940   0.00202  -0.0030   0.1172   0.9921  56.3846 159.0534
   6.545   0.7827   0.01085   0.00275  -0.0104   0.0620   0.9999  61.0408 159.9921
   7.636   0.8749   0.01208   0.00342  -0.0050   0.0440   1.0000  63.2654 160.0000
   8.727   0.9651   0.01368   0.00438   0.0008   0.0335   1.0000  64.9714 160.0000
   9.818   1.0579   0.01547   0.00552   0.0057   0.0276   1.0000  66.1505 160.0000
  10.909   1.1491   0.01777   0.00704   0.0101   0.0234   1.0000  67.1282 160.0000
  12.000   1.2318   0.02058   0.00891   0.0151   0.0202   1.0000  67.9471 160.0000
