  
       XFOIL         Version 6.99
  
 Calculated polar for: NACA 0012                                       
  
 1 1 Reynolds number fixed          Mach number fixed         
  
 xtrf =   1.000 (top)        1.000 (bottom)  
 Mach =   0.000     Re =     0.652 e 6     Ncrit =   9.000  9.000
  
   alpha    CL        CD       CDp       CM     Top_Xtr  Bot_Xtr  Top_Itr  Bot_Itr
  ------ -------- --------- --------- -------- -------- -------- -------- --------
   0.000  -0.0000   0.00577   0.00074   0.0000   0.7536   0.7536  17.0709 143.9291
   1.091   0.1143   0.00594   0.00082   0.0027   0.6399   0.8512  23.8720 149.7732
   2.182   0.2284   0.00649   0.00101   0.0054   0.5192   0.9232  31.1163 154.1269
   3.273   0.3507   0.00741   0.00130   0.0060   0.3903   0.9678  38.9248 157.0418
   4.364   0.5047   0.00871   0.00171  -0.0012   0.2452   0.9845  47.9033 158.3647
   5.455   0.6602   0.01023   0.00228  -0.0094   0.1237   0.9966  55.9137 159.5913
   6.545   0.7747   0.01161   0.00293  -0.0088   0.0702   1.0000  60.2203 160.0000
   7.636   0.8652   0.01305   0.00374  -0.0031   0.0489   1.0000  62.5972 160.0000
   8.727   0.9545   0.01487   0.00487   0.0027   0.0376   1.0000  64.2531 160.0000
   9.818   1.0449   0.01700   0.00626   0.0078   0.0308   1.0000  65.4981 160.0000
  10.909   1.1314   0.01967   0.00805   0.0127   0.0261   1.0000  66.4981 160.0000
  12.000   1.2028   0.02322   0.01046   0.0189   0.0230   1.0000  67.2306 160.0000
