  
       XFOIL         Version 6.99
  
 Calculated polar for: NACA 0012                                       
  
 1 1 Reynolds number fixed          Mach number fixed         
  
 xtrf =   1.000 (top)        1.000 (bottom)  
 Mach =   0.000     Re =     0.217 e 6     Ncrit =   9.000  9.000
  
   alpha    CL        CD       CDp       CM     Top_Xtr  Bot_Xtr  Top_Itr  Bot_Itr
  ------ -------- --------- --------- -------- -------- -------- -------- --------
   0.000   0.0000   0.00956   0.00345   0.0000   0.8950   0.8950   8.5906 152.4092
   1.091   0.1448   0.00981   0.00342  -0.0009   0.8042   0.9504  14.0405 155.8520
   2.182   0.3222   0.01034   0.00323  -0.0109   0.6648   0.9836  22.3817 158.2846
   3.273   0.4702   0.01093   0.00282  -0.0170   0.5043   1.0000  32.0132 160.0000
   4.364   0.5671   0.01187   0.00274  -0.0131   0.3534   1.0000  41.1802 160.0000
   5.455   0.6569   0.01356   0.00321  -0.0079   0.2050   1.0000  50.4664 160.0000
   6.545   0.7411   0.01601   0.00443  -0.0016   0.1150   1.0000  56.5454 160.0000
   7.636   0.8235   0.01900   0.00625   0.0051   0.0791   1.0000  59.3983 160.0000
   8.727   0.9082   0.02287   0.00869   0.0108   0.0613   1.0000  61.1279 160.0000
   9.818   0.9946   0.02747   0.01210   0.0157   0.0504   1.0000  62.4073 160.0000
  10.909   1.0685   0.03376   0.01704   0.0211   0.0434   1.0000  63.3573 160.0000
  12.000   1.1179   0.04201   0.02336   0.0274   0.0388   1.0000  64.0448 160.0000
