  
       XFOIL         Version 6.99
  
 Calculated polar for: NACA 0012                                       
  
 1 1 Reynolds number fixed          Mach number fixed         
  
 xtrf =   1.000 (top)        1.000 (bottom)  
 Mach =   0.000     Re =     0.087 e 6     Ncrit =   9.000  9.000
  
   alpha    CL        CD       CDp       CM     Top_Xtr  Bot_Xtr  Top_Itr  Bot_Itr
  ------ -------- --------- --------- -------- -------- -------- -------- --------
   0.000   0.0000   0.01754   0.00811  -0.0000   1.0000   1.0000   1.0000 160.0000
   1.091   0.2403   0.01709   0.00783  -0.0281   0.9387   1.0000   5.9002 160.0000
   2.182   0.3916   0.01559   0.00622  -0.0305   0.8076   1.0000  13.8363 160.0000
   3.273   0.4789   0.01560   0.00538  -0.0206   0.6562   1.0000  22.8967 160.0000
   4.364   0.5659   0.01669   0.00521  -0.0123   0.4903   1.0000  32.8622 160.0000
   5.455   0.6467   0.01898   0.00581  -0.0042   0.3114   1.0000  43.7702 160.0000
   6.545   0.7272   0.02298   0.00788   0.0030   0.1850   1.0000  51.7622 160.0000
   7.636   0.8173   0.02846   0.01173   0.0084   0.1295   1.0000  55.5068 160.0000
   8.727   0.9011   0.03615   0.01816   0.0139   0.1029   1.0000  57.4535 160.0000
   9.818   0.9456   0.04811   0.02936   0.0218   0.0911   1.0000  58.3852 160.0000
  10.909   0.8774   0.06733   0.04823   0.0307   0.0910   1.0000  58.3936 160.0000
