  
       XFOIL         Version 6.99
  
 Calculated polar for: NACA 0012                                       
  
 1 1 Reynolds number fixed          Mach number fixed         
  
 xtrf =   1.000 (top)        1.000 (bottom)  
 Mach =   0.000     Re =     0.004 e 6     Ncrit =   9.000  9.000
  
   alpha    CL        CD       CDp       CM     Top_Xtr  Bot_Xtr  Top_Itr  Bot_Itr
  ------ -------- --------- --------- -------- -------- -------- -------- --------
   0.000   0.0000   0.05781   0.01274  -0.0000   1.0000   1.0000   1.0000 160.0000
   1.091   0.0452   0.05835   0.01325   0.0071   1.0000   1.0000   1.0000 160.0000
   2.182   0.0899   0.06005   0.01484   0.0134   1.0000   1.0000   1.0000 160.0000
   3.273   0.1327   0.06311   0.01774   0.0180   1.0000   1.0000   1.0000 160.0000
   4.364   0.1722   0.06780   0.02227   0.0204   1.0000   1.0000   1.0000 160.0000
   5.455   0.2075   0.07435   0.02872   0.0201   1.0000   1.0000   1.0000 160.0000
   6.545   0.2388   0.08284   0.03728   0.0175   1.0000   1.0000   1.0000 160.0000
   7.636   0.2679   0.09308   0.04793   0.0129   1.0000   1.0000   1.0000 160.0000
   8.727   0.2969   0.10463   0.06052   0.0072   1.0000   1.0000   1.0000 160.0000
   9.818   0.3278   0.11694   0.07493   0.0008   1.0000   1.0000   1.0000 160.0000
  10.909   0.3616   0.12958   0.09112  -0.0060   1.0000   1.0000   1.0000 160.0000
  12.000   0.3985   0.14237   0.10913  -0.0131   1.0000   1.0000   1.0000 160.0000
